sample
11.122462021208236
2.350252284011627
5.41491018052582
6.264962162738445
10.128841463601356
3.304861534013578
26.55250647310884
6.404893505942003
6.6140656477131285
16.46394434988889
4.616235072530543
13.29458740207152
5.48616880216774
5.613675473235762
8.714546916069231
6.630290633683399
9.277446433581575
2.7769123313189663
20.78211307884374
3.6024303226911543
8.30303603132637
5.163148301081828
8.636281960598298
12.286366095828345
2.5159564450060263
4.205791723302904
11.697880442844813
7.63684112597672
2.260024748763633
15.335705478700108
1.8831377076873732
5.532199367038442
1.8908515651947697
3.8514555850287775
5.1225832531662805
5.533568477257979
2.2800584063661953
2.480557921137114
4.370688499557162
23.161228797862858
6.133470096340602
2.1877652512223795
4.534285147944648
5.7829384029663045
5.787161606508224
7.328327499770601
5.2617813311335375
5.534227376232702
3.266829361938444
12.627258047116282
7.186515022542241
1.2650549619232896
13.165071486412412
4.167222291219285
1.6330643871183252
10.382293916010905
5.243813991955787
11.091477337086049
1.6486775624916508
7.868856420779657
11.932222378167905
6.783137688732145
9.383159363783506
7.551894364345406
4.301448056867679
0.7547943187783013
6.375349657280362
9.177922062107355
24.873989518812515
12.267609713114675
4.445527495562222
4.321090796913337
11.736962487033578
5.55595104120138
1.7771505486198969
6.593623414788804
11.002503300162244
17.99458223313207
7.519464725398505
7.256284336145864
10.010314945063646
11.51097838644185
1.1907376222323929
5.816639612372356
2.0723172113328356
4.91600277609456
3.8362479085849666
9.268635404567158
4.209790834450532
1.865401756965802
4.642882307365527
3.309762616445318
22.702034962388048
6.704097484237869
9.535758729775797
8.52135493355761
13.449067079404452
4.234686900548904
3.6125974966478522
3.991362652370804
3.225981663317075
0.8474559047612242
5.019953097988952
9.038213191381537
4.127399766828488
1.0674269528143294
5.570934713836952
6.898359543781371
6.682598712063534
23.15803049784546
9.4906723038096
13.523065635977279
2.6892407627941184
14.152402002927191
5.595512332123495
6.980473110127369
7.317046628334856
26.59077296788133
1.0540621810385236
8.126753989779415
2.01416370462004
9.203526893198386
4.554838419094468
7.191994640637691
9.332987632123116
3.836853870529063
11.185563299690626
4.850133072402762
3.350660868501558
20.5183926784802
4.631973082243903
6.161208736035019
18.479090366295928
1.501444842291636
1.9199148586942258
6.938300280466647
14.077101411787636
2.5898351150396013
3.9611431691745325
1.5293239322550833
4.242469095950125
7.347965715307376
9.349912558332715
2.929090690892793
5.332136474023857
17.178457468873823
11.681506142392466
6.7721253997140485
7.838613642213667
3.9138794424016066
15.734223510742387
8.144242147254259
4.289766419231984
10.603946775618512
13.894430710024762
10.944965388760206
4.53237923954227
12.001122457859235
8.524824000687895
13.495711348740466
10.594155694825062
7.402058320937496
18.06763238445549
3.806497816306482
12.966571765051107
1.525628495454866
8.820855239318625
23.576507528159027
5.380554139977999
5.908677572162502
17.147912141450625
7.2743001738677
8.36690742262163
16.812009738173206
14.88076095663417
10.896652848616263
12.458885460212125
3.308437457561055
2.9456638212570128
4.338432782579224
10.866010625146279
3.3356670829798136
5.992140900395444
15.61201011881792
7.686136384357598
8.17549754381681
3.4729496997575344
15.297804702362704
16.6416365631204
8.677768609187508
19.68552533759955
15.991315866130744
11.44304498006036
6.580754836054484
11.768359887017532
7.764132160234052
2.9362375505045044
3.8078839272970355
4.809879681119138
7.754631800694711
4.210549069134596
9.26086575697023
8.309868840870848
1.878519882242478
7.23531032593946
10.07702928121496
9.429691578552362
10.49416474182378
3.2681859021137165
9.426990323629816
2.525038497278868
3.2509359104734865
12.842335689678753
18.3772283012691
1.992262917683233
0.46255942470022693
23.49172457937081
6.723286475415024
8.518212138312425
10.846863968007392
5.564197861517784
2.0778134098664642
12.566371614215518
25.53375263126255
8.415310928010395
8.622822407310192
9.961901495295903
4.7986194237778435
23.404414392930068
6.8824053501497096
20.099421819578804
2.5107126442867362
10.132427356756102
7.5443480942873755
5.70024199212898
7.699205059623419
4.270842613788124
19.57886841070776
16.064085258737236
8.74671930730594
9.109472215969316
9.163417956954454
16.72328513256519
8.217809425716174
6.787144471335329
3.6495610957998466
18.080083788487304
12.171099549861417
4.823959612309556
8.6229982463769
8.779082980357257
8.37768998221589
9.750800526202347
2.085490803348444
17.240356245887156
2.7398654639088207
6.507733805127216
6.95664610064639
4.451156114022718
4.1055306797975275
13.398919620855008
8.526286982241238
17.31290308984572
4.777316149367285
2.01989157922352
4.47592836194919
3.8290813396204846
15.174078740918356
10.187508221807205
6.2150585939265675
12.742518939706995
5.485657043305252
5.091961675850496
10.734436397037173
16.750286999203542
6.356799986628028
5.311311832712184
0.5077181830799704
9.597728865709142
6.709702908430483
9.58756782995866
1.5525675085765402
10.891626762691116
8.013345594419139
1.8947014069306742
4.975325473101307
11.453475698773287
6.458210184300377
6.275761613230461
1.8071438360271483
3.7914143343870355
12.161038693512173
10.168416177365435
12.188935588930308
16.415600934422915
6.585601882334018
4.3456705957826385
19.22756028382591
1.5349459745718408
5.337738405598832
2.604767331415082
7.205265051900537
6.507603586993469
4.305200730989244
7.696084643651568
9.346274327835108
4.636561834200865
26.89614544967436
7.571013715339003
1.4185635022842866
16.275280914705206
1.4749218136907862
2.814464607893052
35.9655969476773
8.96270640280965
1.405451999984276
3.891786542424086
7.601124551698008
7.896250802813443
8.454525844356754
6.6698456764938285
3.020470908196317
4.68910521799893
7.166587850838231
1.5634054462085991
6.252646141828331
7.970418017651059
14.111362820299325
4.858124432901208
6.824247208226801
3.6729085454137462
11.086180065015057
3.2294055891814395
3.2618159296379563
16.032566535158775
5.684089232728323
2.941862783417907
1.6693512865359315
9.907819014082545
13.433641493367809
12.56884024367657
1.7197265177837944
1.7685462980229343
6.582731512145919
13.332917506852976
3.578493155026645
3.701049233995531
0.7202212827898916
8.132426172792478
3.8052422943619675
9.149899487107884
13.39997550077351
9.258958930309246
4.392019422439437
2.676157923343697
7.480710697795585
2.8782296204538422
5.031939973553081
6.701401168735717
9.296625083483997
8.625503409700208
7.340925447503426
9.938954671340175
4.097325327159557
1.570415714638868
10.24730229956352
5.971311284683524
7.276581611695354
6.911646634391827
7.704661902118105
5.4734068586603986
3.8399383592411036
2.3691261920716804
4.171204577274162
9.894755127347079
9.243591463565457
4.26970931924687
5.223290372592218
2.8952520344054014
2.986045436815338
8.151803327044266
2.946912621137658
9.518236371734464
2.688889604466811
3.1487749349603043
4.184968240114537
13.287758352701342
4.728049492745973
30.712194736843568
3.702425681509271
4.055245529143396
2.2897404092875067
3.986822363436141
6.211150380563691
1.123087133357855
19.473187782044153
10.31705047930273
3.3404642742766666
27.518512317822992
5.327687038001287
4.639528145611073
7.1830378944894315
2.856899350932288
10.111983170051136
20.723634359086187
6.283353854293211
4.4362219525676805
0.15187678079873887
23.053010371284646
4.866578934379517
5.771152374535383
9.064289016562732
6.389830295849198
9.86308201785928
1.2346866759075645
9.081157343976484
14.330461731546915
9.583769365743875
13.54043050725242
11.45887683956763
3.932194304748393
2.8208619409352482
0.5995601835786531
1.4654928631749928
19.587802830951784
14.291299930792201
8.997662072117834
3.739005834456207
14.645241869551903
8.395946309799726
8.89989646594138
10.629656915658195
14.209654356579815
11.298544202512366
3.8863065514323054
4.291885942995347
8.523376340597382
1.806161040541866
1.739244536017726
9.591227168484433
9.912267251890732
1.0287305951523897
5.480089482637872
12.735064347871981
9.774583619303742
15.024484136599472
17.205964532554674
29.389569166574113
3.641126512255299
4.118884684218139
5.9697773473870805
2.6688861718415415
4.77270163514261
3.985364841949339
4.18130701401051
5.306272108873577
4.47241576886312
6.228278171127843
9.423547126951407
11.150998303850521
10.364264254368544
6.485489386696137
7.568859956148643
11.0838939719034
4.616498470072157
13.408615371673047
5.138345609297885
11.944839452548011
1.8456676138267214
2.0826695346140003
5.852163896957713
10.440520605503924
12.120006763112297
14.479134241414489
11.769103011599505
9.258614238999582
1.1192979852013099
8.906261980811205
3.6336030008904037
2.5782625964073884
12.038427952179617
5.555475423799038
5.591192146957788
2.5035221594011334
4.414900618395104
0.9782957093194822
7.49204265343448
3.8347516470251137
0.7899260426172993
10.49819686071279
18.83932485130678
4.9103185676531185
16.073762744542716
6.706968841338345
9.934024995381414
3.797425035697742
6.0767257607100476
9.215822910042116
10.96242957407611
11.975886146865443
3.0462011570869674
11.55393351998147
4.0730305309711925
6.358502062581638
12.967201153499323
2.3767350597657093
1.5071872929021355
6.86868688314201
5.668123387136747
8.577122025558735
8.10768499163741
5.604959909385942
6.022819037520407
14.935006309260789
5.676103195693934
16.692026331980312
26.702097526366494
6.182122531581868
1.1338477107525
6.832025039445675
16.94647797687102
11.94246365652451
10.375239978652768
1.798295636517242
9.348269894904055
15.820304311662715
5.538002530004648
12.528503217512144
8.743609330280387
3.108873955223208
1.7242495465640737
8.11170491157453
6.441995027419155
3.991371339091569
17.10386272884786
3.9911466388518377
10.180245742421498
5.560793965158386
4.0167949821596896
14.036250811384948
15.217957606418071
11.4481182818085
4.018074433909397
2.5136546454235202
11.041263406727516
6.109588311927605
3.4490116158680038
4.819030606144809
8.16684727149
7.041079368716698
4.896090464663098
5.630291333852987
0.29123329321313207
3.864088565419723
2.680350979410284
4.193449443089606
9.506508211445162
12.27423155877635
5.2313203933923145
27.95554676160531
6.582083323843481
3.403718498781135
3.0277902835454547
4.264874538277416
22.700707425288613
26.638760211383396
23.60376688408624
8.644616097835394
2.8550284082873976
8.01316394269951
3.7898134156462624
4.2775801632401205
2.729306900277006
5.682186596187843
5.1292278854684366
2.479735539676411
3.5490716637028603
9.603505541943738
5.136261758158086
8.044605543167107
6.477306122940731
3.0431056837875556
7.6098249247618845
7.733972858767783
12.905405445597394
3.2556404398294765
6.563358012255803
5.768959493171394
12.610027914882183
3.4544546734740496
2.796502386981291
15.04512483378415
23.639883704259297
5.483120059450961
0.2974434113093912
2.4630097186580664
4.817331206972018
19.78631617541236
4.068797243615271
2.6001951595674644
3.4894307605884256
40.004731642538566
4.919541352256952
5.352463826535162
11.806401877360914
10.489203744402305
14.426442474519323
14.674200289053294
10.954550429158719
6.537711750310255
1.6241520725107383
10.563337965324713
12.109420494070735
7.009765945063943
3.8194387401274996
14.778630178110314
4.083390097002626
11.548083622379485
5.632407410646438
9.11982282532119
6.308908573687394
19.649715306698567
15.846758116080908
3.385819772538717
0.8598636545195054
1.7724417200593516
5.91354405506775
8.409161673154436
8.154184033303403
3.221639758066845
12.127550408842696
11.467997292550375
6.4181288097227185
2.3620848804849226
1.9923600235850563
6.509205822668184
13.614297615215953
4.634133413432279
2.455022686235458
3.670855991874893
1.9565305410019533
11.46621616930825
10.261771111572267
3.7113190691853535
3.876706492177242
11.280770103677494
18.90908868195354
9.848529401154744
2.9757298031590818
6.059335360516843
11.309222417375123
4.732147798558584
2.8901640303144123
27.42597432837507
14.701205129611184
2.7972592346922376
14.980244494188492
2.007727702798203
20.157806722630127
7.035133009115042
25.381852261328
20.738757961904238
8.427883480942473
12.237370796498992
5.901170201565351
21.687133257485666
6.3510315134840445
7.018564406822045
0.5019410119795994
15.834963128706336
7.341141234241698
2.5011366559756305
3.578902853953364
6.525441217847527
14.366455560075826
4.795071585777259
8.663047329730302
0.1963724930274381
8.397909558371696
2.950879029895683
3.727561831935662
5.359264028861163
8.168833157570202
5.8678714967309205
13.504360975197457
21.816085364728718
13.180461156502792
5.975815650217654
5.472886462832925
2.370479311685758
2.8093813482944006
24.55361802310154
6.314375107605009
5.60934915804687
10.449389838552023
2.8988680049768187
5.702768441930316
13.670722240626683
10.70163369254132
9.891695991697741
3.950118483215894
14.749125138072861
3.504418090870046
6.930514651220786
9.426366957631894
2.97818842994931
3.2171322732165
8.867199697758688
10.071944481753606
4.075579942856941
4.783960118498109
3.8015896393920467
6.916644599303328
6.6682901040733995
5.60496187224826
7.219784474754753
5.457702299282341
5.8971234866154765
22.13536146483333
3.61877766210381
7.819199828176222
3.39432838047751
5.126869598100024
6.948719878029949
5.609015958468191
4.140457031307416
7.183913844522984
2.6672208989423294
8.431119737209427
4.177343583661317
16.656512897589124
8.26594459403671
1.7678619400813311
1.2338609000678573
4.667800527092671
12.630204430088705
4.474163519791141
8.487888510959928
9.73454930728368
6.983853147577594
5.105495716708166
15.929266613051793
3.527855846230483
6.697969467143083
9.719163045170191
1.6997641399077517
7.8635906563098725
3.179748391313079
9.283323053657606
10.964238867202338
23.9075010041342
7.49748997554354
2.7979231234143915
1.2822961641854012
5.551438896821298
8.039367504553802
2.2053890449927644
4.533534885757281
4.414432659553667
2.827981355077266
2.708547996637087
8.603564096215786
8.852751934101757
8.957452897407547
25.154000441262152
10.613060043344456
12.370816987920344
2.396478541992706
18.150132971384984
9.03492049034969
2.8621873623011536
1.7139491421948887
12.231748202349142
5.557725521570574
1.7525795498806427
4.267525407286443
5.940097954424316
5.557392927755469
5.689742793394247
22.49497634354646
10.666659591302686
3.879299007337153
8.857436213138632
5.99144512376359
3.699928991638682
15.567533962096885
7.760428201959999
4.889267592806207
7.545057316101396
3.525970414926396
6.745104305793567
9.780373343463209
5.6220092987389405
6.435738950581847
7.553102954308628
14.937338340892943
2.9765861975889383
1.8674212833415438
10.397668461557043
17.467699426975184
3.4318258322000847
2.9062885282514865
4.704305559324165
6.123966442160363
5.838291229240457
9.82363145618635
3.414313991924993
0.23282844303990274
5.933614252761869
9.203464802157846
7.49681706739206
15.17708336589389
3.6462209741815697
2.0246867519205427
6.766045819745158
2.882365970473943
15.836831046612863
9.602185716362797
10.501692024181791
6.63939295697281
2.2679462703427804
2.692398827929519
3.0785689703952013
5.969245804659687
27.76598929443478
3.2045288982983666
12.773576371457201
4.748549764850966
16.059198616448782
12.731960113891692
12.33906310045779
15.135364806291285
2.9467547401274286
16.108979141982616
3.7779343731421355
7.396599715207083
11.951248010452531
18.859016060595362
16.305049918521622
20.589396041940347
7.573080770124014
7.782107870008699
2.2121299165516244
7.650012909055145
4.665288264566941
15.975361774288919
7.51850038788201
10.279926176974527
9.932994661266983
7.732694848920895
5.702034486724027
12.140329625367956
18.058100888772742
1.1287089069815395
15.553504952565586
2.5939646225936723
3.2209339187676584
5.346929413772025
3.4783143992909134
4.479352093601404
16.43510640858073
2.622828101705206
1.6852513864449163
12.004631360459646
35.02970742973109
5.8493736197605966
15.08319092746322
3.8722384340286475
0.827713354014781
15.096409654289465
6.006139791751858
8.695408449482791
2.040489110164662
2.5203776292071196
3.820654184874941
22.061106394779998
2.388121338330877
4.345797265677431
1.977728735489998
3.3280035425490246
3.894703304105942
2.030597856001417
22.49752659734436
9.315287722430346
9.296965986124938
3.9853214413186255
14.405435772567737
14.377754893164967
16.953152164329868
4.227013313995977
17.287383967565663
8.88723968954279
4.907658284153621
17.503834352736998
2.5673002152811586
8.61625171688991
13.520987142186076
13.483231941598584
3.637412111509417
3.5015967872922844
8.07256841905804
2.5094879596248636
2.6691637895453386
3.423391800375389
7.750386088941287
15.991740656317335
12.2392440344882
8.359981120436771
2.3601349060036516
13.139626861510905
15.598685290972071
4.777934933155771
5.53778094637285
13.040710327117583
19.802499663206145
4.997894928101588
1.6634703995880684
2.60727265286799
7.259068648819883
3.773259852915234
3.4869357232388607
4.63772989964566
1.7594019500386764
4.6898892269861765
8.744166853725526
16.740869020008
4.614800321714325
10.3841585333557
7.857577074292445
1.499462201061207
15.325598477106226
8.64638372902744
14.377120981719157
4.631568691304739
7.232649481914912
21.939749510544036
16.023418444218972
8.546170598748063
2.5622505562311817
2.779214876447397
9.533709592849078
5.045707790276829
5.482034661783167
15.089821328976203
13.540404742952523
6.27483777002329
4.591887590289594
8.570303153141
3.24304834580074
1.9267398165203236
2.4046008887705397
1.6342569319123064
8.549150495360795
21.127471337892942
4.197891125933385
1.4844901069866028
5.870584563824311
17.910689964116546
6.655586187496184
16.916350071105114
8.979511482501382
2.973350064026913
13.393091018277339
11.828001680496188
4.3501565144920855
15.169022241087049
6.46993961229012
12.190634709803291
7.295598122707232
8.668429661679783
7.151373167471721
8.612534719744655
12.43508758333912
9.576317392764434
7.405411962288857
14.56810019115871
15.541157364590665
11.723269218914425
15.736714765749218
9.182967566743704
4.181075739580143
9.697243885097185
2.790503122304001
6.9405104399627655
5.847816183557438
12.562076795731432
11.213322081357406
10.179722197764645
4.143006415539333
2.615508429707964
15.036766497671032
5.625885356525403
9.048609480326729
5.422140914851833
11.324719441127037
5.231291575649499
4.133044026245311
1.8048067385656061
12.997660731737879
2.645667744143853